PA+AA => 01 00 01 00 01 00 01 00 01 00 00 01 00 01 00 00 01 00 00 00 00 00 01 00 00 01 01 00 01 01 01 00 01 00 00 00 01 01 01 

Other header => 00 01 00 00 00 00 00 00 00 01 00 01 00 00 01 00 00

Pa+AA+Other+data => 01 00 01 00 01 00 01 00 01 00 00 01 00 01 00 00 01 00 00 00 00 00 01 00 00 01 01 00 01 01 01 00 01 00 00 00 01 01 01 00 01 00 00 00 00 00 00 00 01 00 01 00 00 01 00 00 01 01 01 01 00 00 00 00 01 01 01 01 00 00 00 00 01 01 01 01 00 00 00 00 01 01 01 01 00 00 00 00 01 01 01 01 00 00 00 00 01 01 01 01 00 00 00 00 01 01 01 01 00 00 00 00 01 01 01 01 00 00 00 00 01 01 01 01 00 00 00 00 01 01 01 01 00 00 00 00 01 01 01 01 00 00 00 00 01 01 01 01 00 00 00 00 01 01 01 01 00 00 00 00 01 01 01 01 00 00 00 00 01 01 01 01 00 00 00 00 01 01 01 01 00 00 00 00 01 01 01 01 00 00 00 00 01 01 01 01 00 00 00 00 01 01 01 01 00 00 00 00 01 01 01 01 00 00 00 00 01 01 01 01 00 00 00 00 01 01 01 01 00 00 00 00 01 01 01 01 00 00 00 00 01 01 01 01 00 00 00 00 01 01 01 01 00 00 00 00 01 01 01 01 00 00 00 00 01 01 01 01 00 00 00 00 01 01 01 01 00 00 00 00 01 01 01 01 00 00 00 00 01 01 01 01 00 00 00 00 01 01 01 01 00 00 00 00 01 01 01 01 00 00 00 00 01 01 01 01 00 00 00 00 01 01 01 01 00 00 00 00 01 01 01 01 00 00 00 00 01 01 01 01 00 00 00 00 01 01 01 01

Final/CRC => 00 00 00 00 00 00 01 00 00 01 00 01 00 00 01 01 01 00 01 00 00 01 00 00 00 01 00

For param 1 full data => 01 00 01 00 01 00 01 00 01 00 00 01 00 01 00 00 01 00 00 00 00 00 01 00 00 01 01 00 01 01 01 00 01 00 00 00 01 01 01 00 01 00 00 00 00 00 00 00 01 00 01 00 00 01 00 00 01 01 01 01 00 00 00 00 01 01 01 01 00 00 00 00 01 01 01 01 00 00 00 00 01 01 01 01 00 00 00 00 01 01 01 01 00 00 00 00 01 01 01 01 00 00 00 00 01 01 01 01 00 00 00 00 01 01 01 01 00 00 00 00 01 01 01 01 00 00 00 00 01 01 01 01 00 00 00 00 01 01 01 01 00 00 00 00 01 01 01 01 00 00 00 00 01 01 01 01 00 00 00 00 01 01 01 01 00 00 00 00 01 01 01 01 00 00 00 00 01 01 01 01 00 00 00 00 01 01 01 01 00 00 00 00 01 01 01 01 00 00 00 00 01 01 01 01 00 00 00 00 01 01 01 01 00 00 00 00 01 01 01 01 00 00 00 00 01 01 01 01 00 00 00 00 01 01 01 01 00 00 00 00 01 01 01 01 00 00 00 00 01 01 01 01 00 00 00 00 01 01 01 01 00 00 00 00 01 01 01 01 00 00 00 00 01 01 01 01 00 00 00 00 01 01 01 01 00 00 00 00 01 01 01 01 00 00 00 00 01 01 01 01 00 00 00 00 01 01 01 01 00 00 00 00 01 01 01 01 00 00 00 00 01 01 01 01 00 00 00 00 01 01 01 01 00 00 00 00 01 01 01 01 00 00 00 00 01 01 01 0100 00 00 00 00 00 01 00 00 01 00 01 00 00 01 01 01 00 01 00 00 01 00 00 00 01 00

